Matriz A|B: 
10.0 2.0 1.0 |7.0
1.0 5.0 1.0 |-8.0
2.0 3.0 10.0 |6.0
x(k-1).1 = 0.0  x(k).1 = 0.7
x(k-1).2 = 0.0  x(k).2 = -1.6
x(k-1).3 = 0.0  x(k).3 = 0.6
dr = 1.0  precisão: 0.05

x(k-1).1 = 0.7  x(k).1 = 0.96
x(k-1).2 = -1.6  x(k).2 = -1.86
x(k-1).3 = 0.6  x(k).3 = 0.9400000000000001
dr = 0.18279569892473121  precisão: 0.05

x(k-1).1 = 0.96  x(k).1 = 0.9780000000000001
x(k-1).2 = -1.86  x(k).2 = -1.98
x(k-1).3 = 0.9400000000000001  x(k).3 = 0.966
dr = 0.060606060606060545  precisão: 0.05

